120 9998
119 9996
118 9991
121 9990
117 9986
116 9978
115 9948
114 9919
113 9902
112 9833
111 9737
110 9623
109 9525
108 9302
107 9211
106 8979
105 8705
104 8433
103 8126
102 7827
101 7543
100 7184
99 6786
98 6454
97 6100
96 5747
95 5383
94 5024
93 4715
92 4440
91 4082
90 3859
89 3547
88 3320
87 3017
86 2830
85 2582
84 2378
83 2214
82 2035
81 1873
80 1707
79 1549
78 1427
77 1293
76 1198
75 1098
74 1004
73 907
72 831
71 761
70 701
69 631
68 572
67 528
66 479
65 435
64 403
63 360
62 330
61 300
60 272
59 250
58 228
57 205
56 187
55 170
54 156
53 142
52 128
51 118
50 107
49 98
48 89
47 80
46 73
45 67
44 61
43 55
42 50
41 46
40 42
39 38
38 35
37 31
36 29
35 26
34 23
33 22
32 20
31 18
30 16
29 15
28 14
27 12
26 11
25 10
24 9
23 9
22 8
21 7
20 7
19 6
18 6
17 5
16 5
15 4
14 4
13 4
12 3
11 3
10 3
9 3
8 2
7 2
6 2
5 2
4 2
3 2
2 2
1 2
