1 58757
2 43849
3 37512
4 33432
5 30595
6 28622
7 26913
8 25366
9 24252
10 23033
11 22220
12 21331
13 20937
14 20230
15 19937
16 19061
17 18611
18 18203
19 17887
20 17628
21 17090
23 16752
22 16519
24 16177
25 16066
26 15624
27 15497
28 15136
29 14892
30 14533
32 14447
31 14412
33 14108
34 14012
35 13973
36 13526
37 13455
40 13306
38 13259
39 13069
43 12812
41 12719
42 12582
44 12560
45 12358
46 12301
47 12194
49 12189
48 12180
51 11977
52 11789
50 11723
53 11609
54 11438
56 11396
57 11263
55 11226
59 11018
58 10972
60 10904
61 10802
62 10726
63 10660
65 10609
64 10606
68 10490
67 10444
72 10419
69 10383
66 10373
70 10335
71 10315
75 10166
77 9940
74 9817
73 9796
80 9780
76 9768
79 9759
83 9536
78 9531
81 9517
82 9408
87 9276
89 9262
93 9261
85 9220
84 9220
90 9154
91 9151
86 9106
88 9094
92 9038
95 8951
97 8929
96 8928
100 8873
99 8855
94 8808
102 8794
98 8765
103 8673
101 8663
105 8621
106 8568
110 8400
111 8396
104 8395
109 8392
108 8365
107 8287
118 8259
116 8234
117 8221
119 8219
115 8185
113 8172
114 8134
112 8132
121 8052
120 8009
